Nordwandschacht/gis/dem.txt
ncols        524
nrows        379
xllcorner    424877.014000000025
yllcorner    5275932.534599999897
dx           1.000288549618
dy           0.999587335093
NODATA_value  -3.4028234663852885981e+38
[rows 80 to 99 of 379, columns 138 to 183 of 524]
2122.010009765625 2122.320068359375 2122.580078125 2122.85009765625 2123.139892578125 2123.35009765625 2123.610107421875 2124.070068359375 2124.3798828125 2124.610107421875 2124.81005859375 2124.6298828125 2124.3798828125 2124.340087890625 2124.300048828125 2124.179931640625 2124.169921875 2124.159912109375 2124.02001953125 2123.679931640625 2123.320068359375 2123.10009765625 2123.47998046875 2124.2099609375 2124.7900390625 2125.300048828125 2125.72998046875 2126 2126.110107421875 2126.139892578125 2126.22998046875 2126.360107421875 2126.510009765625 2126.6298828125 2126.77001953125 2126.8701171875 2126.949951171875 2127.110107421875 2127.22998046875 2127.330078125 2127.510009765625 2127.669921875 2127.840087890625 2128.010009765625 2128.159912109375 2128.419921875
2122.550048828125 2122.919921875 2123.18994140625 2123.409912109375 2123.699951171875 2123.89990234375 2124.139892578125 2124.5 2124.739990234375 2125.080078125 2125.18994140625 2125.050048828125 2124.909912109375 2124.77001953125 2124.639892578125 2124.570068359375 2124.570068359375 2124.47998046875 2124.31005859375 2124.050048828125 2123.81005859375 2123.699951171875 2123.989990234375 2124.60009765625 2125.10009765625 2125.5 2125.949951171875 2126.31005859375 2126.47998046875 2126.550048828125 2126.610107421875 2126.75 2126.93994140625 2127.0400390625 2127.169921875 2127.330078125 2127.429931640625 2127.570068359375 2127.68994140625 2127.800048828125 2127.9599609375 2128.14990234375 2128.330078125 2128.5 2128.679931640625 2129
2123.110107421875 2123.489990234375 2123.760009765625 2123.97998046875 2124.22998046875 2124.409912109375 2124.6298828125 2124.909912109375 2125.14990234375 2125.550048828125 2125.510009765625 2125.429931640625 2125.419921875 2125.199951171875 2124.989990234375 2124.949951171875 2125.030029296875 2125.030029296875 2124.909912109375 2124.719970703125 2124.6201171875 2124.7099609375 2124.860107421875 2125.18994140625 2125.510009765625 2125.820068359375 2126.2099609375 2126.590087890625 2126.85009765625 2126.949951171875 2127 2127.1201171875 2127.330078125 2127.4599609375 2127.590087890625 2127.75 2127.8701171875 2127.989990234375 2128.1201171875 2128.27001953125 2128.419921875 2128.64990234375 2128.820068359375 2129.010009765625 2129.2099609375 2129.43994140625
2123.719970703125 2124.010009765625 2124.2900390625 2124.570068359375 2124.77001953125 2124.89990234375 2125.080078125 2125.320068359375 2125.6298828125 2125.7900390625 2125.639892578125 2125.6298828125 2125.64990234375 2125.530029296875 2125.39990234375 2125.389892578125 2125.47998046875 2125.5400390625 2125.510009765625 2125.3798828125 2125.27001953125 2125.320068359375 2125.419921875 2125.6298828125 2125.889892578125 2126.159912109375 2126.510009765625 2126.919921875 2127.159912109375 2127.31005859375 2127.3798828125 2127.43994140625 2127.590087890625 2127.81005859375 2127.989990234375 2128.14990234375 2128.31005859375 2128.449951171875 2128.56005859375 2128.739990234375 2128.929931640625 2129.1298828125 2129.320068359375 2129.510009765625 2129.699951171875 2129.8798828125
2124.239990234375 2124.5400390625 2124.840087890625 2125.110107421875 2125.2900390625 2125.39990234375 2125.56005859375 2125.77001953125 2126.06005859375 2126.110107421875 2125.969970703125 2125.969970703125 2125.93994140625 2125.800048828125 2125.75 2125.830078125 2125.93994140625 2125.97998046875 2125.949951171875 2125.919921875 2125.860107421875 2125.89990234375 2125.97998046875 2126.090087890625 2126.320068359375 2126.610107421875 2126.9599609375 2127.35009765625 2127.56005859375 2127.72998046875 2127.820068359375 2127.85009765625 2127.9599609375 2128.14990234375 2128.360107421875 2128.550048828125 2128.719970703125 2128.8798828125 2129.06005859375 2129.35009765625 2129.510009765625 2129.6201171875 2129.85009765625 2130.080078125 2130.239990234375 2130.3701171875
2124.85009765625 2125.2099609375 2125.469970703125 2125.639892578125 2125.7900390625 2125.8798828125 2125.989990234375 2126.159912109375 2126.419921875 2126.5 2126.39990234375 2126.360107421875 2126.2900390625 2126.18994140625 2126.18994140625 2126.280029296875 2126.409912109375 2126.429931640625 2126.43994140625 2126.469970703125 2126.3701171875 2126.5 2126.5400390625 2126.510009765625 2126.72998046875 2127.030029296875 2127.360107421875 2127.760009765625 2128.010009765625 2128.14990234375 2128.239990234375 2128.27001953125 2128.35009765625 2128.510009765625 2128.72998046875 2128.93994140625 2129.1298828125 2129.3798828125 2129.610107421875 2129.929931640625 2130.2099609375 2130.360107421875 2130.489990234375 2130.639892578125 2130.7900390625 2130.85009765625
2125.550048828125 2125.909912109375 2126.110107421875 2126.179931640625 2126.300048828125 2126.389892578125 2126.489990234375 2126.6298828125 2126.7900390625 2126.89990234375 2126.860107421875 2126.800048828125 2126.719970703125 2126.64990234375 2126.659912109375 2126.699951171875 2126.830078125 2126.909912109375 2126.93994140625 2126.989990234375 2126.9599609375 2127.0400390625 2126.949951171875 2126.949951171875 2127.219970703125 2127.52001953125 2127.820068359375 2128.179931640625 2128.429931640625 2128.550048828125 2128.6298828125 2128.679931640625 2128.72998046875 2128.8798828125 2129.1201171875 2129.340087890625 2129.580078125 2129.919921875 2130.159912109375 2130.43994140625 2130.780029296875 2131.030029296875 2131.1201171875 2131.2099609375 2131.300048828125 2131.330078125
2126.2099609375 2126.429931640625 2126.590087890625 2126.659912109375 2126.75 2126.909912109375 2127.070068359375 2127.179931640625 2127.179931640625 2127.25 2127.260009765625 2127.22998046875 2127.169921875 2127.090087890625 2127.10009765625 2127.179931640625 2127.300048828125 2127.449951171875 2127.5 2127.6298828125 2127.760009765625 2127.52001953125 2127.39990234375 2127.610107421875 2127.909912109375 2128.110107421875 2128.360107421875 2128.590087890625 2128.780029296875 2128.93994140625 2129.050048828125 2129.10009765625 2129.1201171875 2129.27001953125 2129.510009765625 2129.77001953125 2130.070068359375 2130.419921875 2130.699951171875 2130.9599609375 2131.169921875 2131.340087890625 2131.510009765625 2131.699951171875 2131.7900390625 2131.85009765625
2126.7900390625 2126.949951171875 2127.10009765625 2127.18994140625 2127.260009765625 2127.3701171875 2127.52001953125 2127.639892578125 2127.64990234375 2127.669921875 2127.64990234375 2127.659912109375 2127.6298828125 2127.56005859375 2127.639892578125 2127.85009765625 2127.949951171875 2128.0400390625 2128.14990234375 2128.2900390625 2128.219970703125 2128.1201171875 2128.199951171875 2128.35009765625 2128.47998046875 2128.6298828125 2128.85009765625 2129.030029296875 2129.179931640625 2129.320068359375 2129.469970703125 2129.550048828125 2129.590087890625 2129.68994140625 2129.929931640625 2130.260009765625 2130.590087890625 2131.010009765625 2131.3701171875 2131.6201171875 2131.679931640625 2131.7099609375 2131.860107421875 2132.1298828125 2132.260009765625 2132.340087890625
2127.3798828125 2127.530029296875 2127.68994140625 2127.800048828125 2127.840087890625 2127.889892578125 2128.02001953125 2128.1298828125 2128.169921875 2128.139892578125 2128.080078125 2128.080078125 2128.10009765625 2128.1201171875 2128.239990234375 2128.429931640625 2128.5 2128.580078125 2128.72998046875 2128.800048828125 2128.68994140625 2128.77001953125 2128.7900390625 2128.820068359375 2128.97998046875 2129.139892578125 2129.300048828125 2129.43994140625 2129.580078125 2129.7099609375 2129.8798828125 2130 2130.070068359375 2130.169921875 2130.409912109375 2130.760009765625 2131.090087890625 2131.469970703125 2131.7900390625 2131.989990234375 2132.090087890625 2132.179931640625 2132.360107421875 2132.659912109375 2132.719970703125 2132.7900390625
2127.9599609375 2128.080078125 2128.22998046875 2128.3798828125 2128.419921875 2128.449951171875 2128.5400390625 2128.6201171875 2128.659912109375 2128.6298828125 2128.580078125 2128.56005859375 2128.550048828125 2128.610107421875 2128.72998046875 2128.889892578125 2129 2129.090087890625 2129.18994140625 2129.219970703125 2129.25 2129.340087890625 2129.2900390625 2129.320068359375 2129.43994140625 2129.56005859375 2129.7099609375 2129.85009765625 2129.989990234375 2130.1201171875 2130.260009765625 2130.3798828125 2130.5 2130.6298828125 2130.8701171875 2131.22998046875 2131.580078125 2131.860107421875 2132.110107421875 2132.31005859375 2132.47998046875 2132.72998046875 2133.0400390625 2133.260009765625 2133.2099609375 2133.3701171875
2128.5400390625 2128.639892578125 2128.739990234375 2128.8701171875 2128.9599609375 2128.9599609375 2129 2129.080078125 2129.1298828125 2129.110107421875 2129.090087890625 2129.080078125 2129.110107421875 2129.14990234375 2129.219970703125 2129.3701171875 2129.5 2129.60009765625 2129.659912109375 2129.7099609375 2129.800048828125 2129.780029296875 2129.739990234375 2129.780029296875 2129.840087890625 2129.949951171875 2130.110107421875 2130.25 2130.39990234375 2130.530029296875 2130.639892578125 2130.75 2130.889892578125 2131.080078125 2131.31005859375 2131.6298828125 2131.97998046875 2132.280029296875 2132.510009765625 2132.719970703125 2132.929931640625 2133.320068359375 2133.639892578125 2133.68994140625 2133.610107421875 2133.780029296875
2129.169921875 2129.260009765625 2129.2900390625 2129.39990234375 2129.47998046875 2129.449951171875 2129.389892578125 2129.47998046875 2129.550048828125 2129.570068359375 2129.580078125 2129.590087890625 2129.68994140625 2129.68994140625 2129.77001953125 2129.93994140625 2130.02001953125 2130.030029296875 2130.070068359375 2130.1298828125 2130.179931640625 2130.18994140625 2130.199951171875 2130.22998046875 2130.2900390625 2130.35009765625 2130.489990234375 2130.6298828125 2130.7900390625 2130.919921875 2131.030029296875 2131.139892578125 2131.280029296875 2131.469970703125 2131.68994140625 2131.969970703125 2132.320068359375 2132.679931640625 2132.919921875 2133.14990234375 2133.449951171875 2133.800048828125 2133.919921875 2133.840087890625 2133.860107421875 2134.010009765625
2129.820068359375 2129.77001953125 2129.72998046875 2129.85009765625 2129.949951171875 2129.93994140625 2129.8701171875 2129.929931640625 2129.97998046875 2130.030029296875 2130.050048828125 2130.070068359375 2130.14990234375 2130.18994140625 2130.300048828125 2130.419921875 2130.47998046875 2130.47998046875 2130.469970703125 2130.5400390625 2130.6201171875 2130.64990234375 2130.669921875 2130.659912109375 2130.7099609375 2130.75 2130.8701171875 2131.02001953125 2131.179931640625 2131.320068359375 2131.419921875 2131.52001953125 2131.659912109375 2131.85009765625 2132.070068359375 2132.340087890625 2132.699951171875 2133.050048828125 2133.340087890625 2133.580078125 2133.81005859375 2134.06005859375 2134.179931640625 2134.179931640625 2134.239990234375 2134.39990234375
2130.419921875 2130.260009765625 2130.219970703125 2130.35009765625 2130.39990234375 2130.409912109375 2130.3798828125 2130.409912109375 2130.429931640625 2130.469970703125 2130.5 2130.530029296875 2130.590087890625 2130.659912109375 2130.75 2130.830078125 2130.8701171875 2130.9599609375 2130.989990234375 2131.02001953125 2131.06005859375 2131.080078125 2131.090087890625 2131.090087890625 2131.179931640625 2131.18994140625 2131.25 2131.39990234375 2131.56005859375 2131.68994140625 2131.81005859375 2131.919921875 2132.050048828125 2132.25 2132.469970703125 2132.75 2133.110107421875 2133.429931640625 2133.739990234375 2133.969970703125 2134.139892578125 2134.35009765625 2134.530029296875 2134.64990234375 2134.719970703125 2134.860107421875
2130.969970703125 2130.830078125 2130.840087890625 2130.919921875 2130.830078125 2130.840087890625 2130.85009765625 2130.8798828125 2130.909912109375 2130.93994140625 2130.9599609375 2131.010009765625 2131.080078125 2131.1201171875 2131.169921875 2131.239990234375 2131.300048828125 2131.409912109375 2131.47998046875 2131.469970703125 2131.489990234375 2131.52001953125 2131.510009765625 2131.5400390625 2131.669921875 2131.659912109375 2131.669921875 2131.780029296875 2131.9599609375 2132.080078125 2132.2099609375 2132.320068359375 2132.449951171875 2132.639892578125 2132.860107421875 2133.159912109375 2133.5400390625 2133.889892578125 2134.169921875 2134.340087890625 2134.52001953125 2134.739990234375 2134.909912109375 2135.0400390625 2135.139892578125 2135.2900390625
2131.5 2131.43994140625 2131.3701171875 2131.320068359375 2131.25 2131.27001953125 2131.2900390625 2131.340087890625 2131.360107421875 2131.3701171875 2131.39990234375 2131.47998046875 2131.550048828125 2131.570068359375 2131.610107421875 2131.68994140625 2131.760009765625 2131.820068359375 2131.919921875 2131.929931640625 2131.9599609375 2131.9599609375 2131.919921875 2131.969970703125 2132.110107421875 2132.080078125 2132.10009765625 2132.219970703125 2132.35009765625 2132.449951171875 2132.610107421875 2132.760009765625 2132.93994140625 2133.080078125 2133.27001953125 2133.580078125 2133.949951171875 2134.260009765625 2134.52001953125 2134.72998046875 2134.949951171875 2135.179931640625 2135.320068359375 2135.429931640625 2135.56005859375 2135.719970703125
2131.8798828125 2131.8798828125 2131.830078125 2131.75 2131.699951171875 2131.68994140625 2131.68994140625 2131.77001953125 2131.81005859375 2131.820068359375 2131.820068359375 2131.8798828125 2131.929931640625 2131.969970703125 2132.10009765625 2132.239990234375 2132.31005859375 2132.2900390625 2132.35009765625 2132.389892578125 2132.389892578125 2132.3701171875 2132.360107421875 2132.419921875 2132.5 2132.5 2132.550048828125 2132.659912109375 2132.75 2132.860107421875 2133 2133.169921875 2133.3701171875 2133.5400390625 2133.739990234375 2134.0400390625 2134.3701171875 2134.6201171875 2134.860107421875 2135.10009765625 2135.330078125 2135.550048828125 2135.72998046875 2135.860107421875 2135.989990234375 2136.169921875
2132.300048828125 2132.300048828125 2132.280029296875 2132.199951171875 2132.139892578125 2132.1201171875 2132.10009765625 2132.2099609375 2132.2900390625 2132.2900390625 2132.27001953125 2132.31005859375 2132.409912109375 2132.5 2132.669921875 2132.800048828125 2132.85009765625 2132.840087890625 2132.830078125 2132.85009765625 2132.85009765625 2132.830078125 2132.830078125 2132.8798828125 2132.919921875 2132.9599609375 2133.02001953125 2133.10009765625 2133.2099609375 2133.300048828125 2133.389892578125 2133.56005859375 2133.780029296875 2134.0400390625 2134.25 2134.489990234375 2134.77001953125 2135.02001953125 2135.22998046875 2135.43994140625 2135.64990234375 2135.8798828125 2136.110107421875 2136.280029296875 2136.39990234375 2136.550048828125
2132.7900390625 2132.81005859375 2132.77001953125 2132.68994140625 2132.60009765625 2132.580078125 2132.510009765625 2132.580078125 2132.72998046875 2132.75 2132.739990234375 2132.7900390625 2132.9599609375 2133.070068359375 2133.18994140625 2133.2900390625 2133.320068359375 2133.360107421875 2133.330078125 2133.340087890625 2133.409912109375 2133.340087890625 2133.300048828125 2133.31005859375 2133.360107421875 2133.389892578125 2133.449951171875 2133.52001953125 2133.659912109375 2133.780029296875 2133.840087890625 2133.97998046875 2134.199951171875 2134.510009765625 2134.72998046875 2134.929931640625 2135.18994140625 2135.429931640625 2135.610107421875 2135.77001953125 2135.989990234375 2136.179931640625 2136.360107421875 2136.4599609375 2136.5400390625 2136.590087890625
