Nordwandschacht/gis/dem.txt
ncols        524
nrows        379
xllcorner    424877.014000000025
yllcorner    5275932.534599999897
dx           1.000288549618
dy           0.999587335093
NODATA_value  -3.4028234663852885981e+38
[rows 260 to 279 of 379, columns 230 to 275 of 524]
2137.110107421875 2137.2900390625 2137.510009765625 2137.7099609375 2137.840087890625 2138.02001953125 2138.219970703125 2138.340087890625 2138.5400390625 2138.820068359375 2138.93994140625 2138.949951171875 2139.030029296875 2139.159912109375 2139.320068359375 2139.43994140625 2139.570068359375 2139.72998046875 2139.949951171875 2140.199951171875 2140.419921875 2140.5 2140.6201171875 2140.77001953125 2140.8701171875 2140.969970703125 2141.10009765625 2141.179931640625 2141.300048828125 2141.389892578125 2141.5 2141.64990234375 2141.830078125 2142.0400390625 2142.18994140625 2142.2900390625 2142.5 2142.739990234375 2142.89990234375 2143.080078125 2143.239990234375 2143.3798828125 2143.580078125 2143.75 2143.85009765625 2144.02001953125
2137.60009765625 2137.840087890625 2138.070068359375 2138.18994140625 2138.330078125 2138.52001953125 2138.659912109375 2138.820068359375 2139.219970703125 2139.429931640625 2139.489990234375 2139.4599609375 2139.530029296875 2139.669921875 2139.840087890625 2139.989990234375 2140.110107421875 2140.27001953125 2140.489990234375 2140.699951171875 2140.89990234375 2141.0400390625 2141.1201171875 2141.239990234375 2141.3701171875 2141.510009765625 2141.6298828125 2141.68994140625 2141.81005859375 2141.919921875 2142.010009765625 2142.139892578125 2142.360107421875 2142.56005859375 2142.68994140625 2142.81005859375 2143.0400390625 2143.260009765625 2143.3701171875 2143.510009765625 2143.669921875 2143.85009765625 2144.06005859375 2144.22998046875 2144.35009765625 2144.530029296875
2138.179931640625 2138.3798828125 2138.570068359375 2138.699951171875 2138.8798828125 2139.030029296875 2139.139892578125 2139.39990234375 2139.909912109375 2139.9599609375 2139.969970703125 2139.9599609375 2140.0400390625 2140.199951171875 2140.389892578125 2140.5400390625 2140.659912109375 2140.840087890625 2141.0400390625 2141.179931640625 2141.340087890625 2141.469970703125 2141.56005859375 2141.7099609375 2141.909912109375 2142.050048828125 2142.179931640625 2142.25 2142.3701171875 2142.510009765625 2142.580078125 2142.68994140625 2142.8798828125 2143.070068359375 2143.199951171875 2143.320068359375 2143.5 2143.75 2143.8798828125 2144.02001953125 2144.169921875 2144.35009765625 2144.5400390625 2144.7099609375 2144.8701171875 2145.0400390625
2138.699951171875 2138.860107421875 2139.030029296875 2139.25 2139.449951171875 2139.52001953125 2139.68994140625 2140.06005859375 2140.429931640625 2140.3798828125 2140.360107421875 2140.419921875 2140.550048828125 2140.719970703125 2140.909912109375 2141.06005859375 2141.18994140625 2141.3798828125 2141.590087890625 2141.68994140625 2141.81005859375 2141.929931640625 2142.06005859375 2142.22998046875 2142.3798828125 2142.4599609375 2142.6201171875 2142.760009765625 2142.89990234375 2143.090087890625 2143.139892578125 2143.22998046875 2143.3798828125 2143.580078125 2143.72998046875 2143.81005859375 2143.9599609375 2144.239990234375 2144.429931640625 2144.570068359375 2144.719970703125 2144.8798828125 2145.070068359375 2145.260009765625 2145.419921875 2145.550048828125
2139.199951171875 2139.389892578125 2139.550048828125 2139.77001953125 2139.89990234375 2140.010009765625 2140.360107421875 2140.68994140625 2140.780029296875 2140.75 2140.77001953125 2140.8701171875 2141 2141.14990234375 2141.3701171875 2141.56005859375 2141.7099609375 2141.909912109375 2142.090087890625 2142.179931640625 2142.31005859375 2142.449951171875 2142.570068359375 2142.7099609375 2142.820068359375 2142.8701171875 2143.050048828125 2143.22998046875 2143.419921875 2143.580078125 2143.60009765625 2143.699951171875 2143.85009765625 2144.06005859375 2144.2099609375 2144.330078125 2144.47998046875 2144.75 2144.93994140625 2145.080078125 2145.22998046875 2145.409912109375 2145.590087890625 2145.760009765625 2145.93994140625 2146.090087890625
2139.7099609375 2139.89990234375 2140.070068359375 2140.260009765625 2140.360107421875 2140.570068359375 2140.97998046875 2141.14990234375 2141.1298828125 2141.14990234375 2141.2099609375 2141.3701171875 2141.550048828125 2141.7099609375 2141.889892578125 2142.06005859375 2142.2099609375 2142.39990234375 2142.60009765625 2142.719970703125 2142.840087890625 2142.97998046875 2143.080078125 2143.159912109375 2143.280029296875 2143.389892578125 2143.550048828125 2143.679931640625 2143.85009765625 2144.010009765625 2144.110107421875 2144.27001953125 2144.469970703125 2144.6298828125 2144.7099609375 2144.81005859375 2144.969970703125 2145.219970703125 2145.389892578125 2145.52001953125 2145.7099609375 2145.93994140625 2146.1201171875 2146.280029296875 2146.469970703125 2146.679931640625
2140.219970703125 2140.39990234375 2140.580078125 2140.72998046875 2140.820068359375 2141.10009765625 2141.419921875 2141.469970703125 2141.52001953125 2141.610107421875 2141.72998046875 2141.919921875 2142.1298828125 2142.2900390625 2142.39990234375 2142.550048828125 2142.72998046875 2142.860107421875 2143.050048828125 2143.239990234375 2143.35009765625 2143.489990234375 2143.580078125 2143.659912109375 2143.7900390625 2143.919921875 2144.050048828125 2144.1298828125 2144.280029296875 2144.47998046875 2144.679931640625 2144.889892578125 2145.06005859375 2145.169921875 2145.2099609375 2145.340087890625 2145.52001953125 2145.72998046875 2145.89990234375 2146.010009765625 2146.179931640625 2146.429931640625 2146.659912109375 2146.85009765625 2147.030029296875 2147.27001953125
2140.699951171875 2140.8798828125 2141.06005859375 2141.2099609375 2141.320068359375 2141.6201171875 2141.840087890625 2141.8701171875 2141.969970703125 2142.10009765625 2142.25 2142.429931640625 2142.590087890625 2142.780029296875 2142.909912109375 2143.070068359375 2143.25 2143.39990234375 2143.56005859375 2143.72998046875 2143.860107421875 2144.010009765625 2144.110107421875 2144.179931640625 2144.300048828125 2144.429931640625 2144.5400390625 2144.659912109375 2144.81005859375 2144.989990234375 2145.18994140625 2145.320068359375 2145.419921875 2145.60009765625 2145.7099609375 2145.889892578125 2146.110107421875 2146.260009765625 2146.419921875 2146.530029296875 2146.68994140625 2146.919921875 2147.159912109375 2147.3701171875 2147.570068359375 2147.830078125
2141.159912109375 2141.35009765625 2141.52001953125 2141.68994140625 2141.860107421875 2142.110107421875 2142.22998046875 2142.260009765625 2142.3701171875 2142.570068359375 2142.760009765625 2142.93994140625 2143.090087890625 2143.2900390625 2143.47998046875 2143.610107421875 2143.760009765625 2143.909912109375 2144.0400390625 2144.22998046875 2144.3798828125 2144.530029296875 2144.6298828125 2144.699951171875 2144.830078125 2144.9599609375 2145.090087890625 2145.2099609375 2145.330078125 2145.449951171875 2145.590087890625 2145.739990234375 2145.929931640625 2146.1201171875 2146.25 2146.39990234375 2146.610107421875 2146.72998046875 2146.89990234375 2147.050048828125 2147.199951171875 2147.419921875 2147.68994140625 2147.929931640625 2148.110107421875 2148.330078125
2141.659912109375 2141.81005859375 2141.9599609375 2142.139892578125 2142.35009765625 2142.510009765625 2142.610107421875 2142.699951171875 2142.860107421875 2143.0400390625 2143.219970703125 2143.39990234375 2143.60009765625 2143.830078125 2144.0400390625 2144.139892578125 2144.239990234375 2144.3701171875 2144.510009765625 2144.739990234375 2144.909912109375 2145.050048828125 2145.1298828125 2145.199951171875 2145.320068359375 2145.469970703125 2145.610107421875 2145.760009765625 2145.85009765625 2145.949951171875 2146.1201171875 2146.360107421875 2146.590087890625 2146.739990234375 2146.81005859375 2146.919921875 2147.10009765625 2147.219970703125 2147.3798828125 2147.56005859375 2147.75 2147.9599609375 2148.219970703125 2148.449951171875 2148.6201171875 2148.800048828125
2142.18994140625 2142.330078125 2142.4599609375 2142.6298828125 2142.820068359375 2142.929931640625 2143.030029296875 2143.18994140625 2143.389892578125 2143.56005859375 2143.68994140625 2143.85009765625 2144.090087890625 2144.340087890625 2144.530029296875 2144.610107421875 2144.719970703125 2144.8701171875 2145.02001953125 2145.219970703125 2145.389892578125 2145.550048828125 2145.639892578125 2145.7099609375 2145.820068359375 2145.949951171875 2146.050048828125 2146.18994140625 2146.330078125 2146.52001953125 2146.75 2146.969970703125 2147.159912109375 2147.27001953125 2147.300048828125 2147.389892578125 2147.570068359375 2147.719970703125 2147.85009765625 2148.030029296875 2148.280029296875 2148.449951171875 2148.669921875 2148.909912109375 2149.080078125 2149.25
2142.669921875 2142.840087890625 2143.0400390625 2143.22998046875 2143.35009765625 2143.3701171875 2143.4599609375 2143.639892578125 2143.840087890625 2144.030029296875 2144.2099609375 2144.39990234375 2144.64990234375 2144.840087890625 2144.97998046875 2145.080078125 2145.22998046875 2145.3798828125 2145.510009765625 2145.669921875 2145.860107421875 2146.030029296875 2146.1298828125 2146.219970703125 2146.340087890625 2146.429931640625 2146.52001953125 2146.639892578125 2146.760009765625 2147.010009765625 2147.239990234375 2147.389892578125 2147.52001953125 2147.6298828125 2147.739990234375 2147.8701171875 2148.050048828125 2148.219970703125 2148.35009765625 2148.530029296875 2148.800048828125 2148.949951171875 2149.110107421875 2149.3798828125 2149.580078125 2149.780029296875
2143.159912109375 2143.360107421875 2143.60009765625 2143.780029296875 2143.820068359375 2143.81005859375 2143.909912109375 2144.1298828125 2144.340087890625 2144.52001953125 2144.72998046875 2144.949951171875 2145.179931640625 2145.340087890625 2145.449951171875 2145.550048828125 2145.68994140625 2145.860107421875 2145.97998046875 2146.1298828125 2146.2900390625 2146.47998046875 2146.6201171875 2146.719970703125 2146.840087890625 2146.929931640625 2147.070068359375 2147.18994140625 2147.260009765625 2147.449951171875 2147.639892578125 2147.820068359375 2147.949951171875 2148.070068359375 2148.260009765625 2148.389892578125 2148.52001953125 2148.699951171875 2148.860107421875 2149.0400390625 2149.300048828125 2149.469970703125 2149.580078125 2149.840087890625 2150.0400390625 2150.219970703125
2143.659912109375 2143.89990234375 2144.1201171875 2144.239990234375 2144.239990234375 2144.260009765625 2144.39990234375 2144.610107421875 2144.830078125 2145.02001953125 2145.2099609375 2145.419921875 2145.639892578125 2145.820068359375 2145.949951171875 2146.06005859375 2146.199951171875 2146.3701171875 2146.489990234375 2146.6201171875 2146.780029296875 2146.949951171875 2147.110107421875 2147.219970703125 2147.300048828125 2147.3798828125 2147.52001953125 2147.679931640625 2147.77001953125 2147.909912109375 2148.070068359375 2148.27001953125 2148.449951171875 2148.60009765625 2148.780029296875 2148.89990234375 2149.02001953125 2149.199951171875 2149.3798828125 2149.570068359375 2149.820068359375 2150 2150.080078125 2150.2900390625 2150.5 2150.679931640625
2144.139892578125 2144.39990234375 2144.590087890625 2144.669921875 2144.679931640625 2144.760009765625 2144.889892578125 2145.070068359375 2145.31005859375 2145.510009765625 2145.7099609375 2145.929931640625 2146.1298828125 2146.27001953125 2146.419921875 2146.56005859375 2146.7099609375 2146.8798828125 2147.02001953125 2147.14990234375 2147.27001953125 2147.419921875 2147.550048828125 2147.6298828125 2147.719970703125 2147.830078125 2147.989990234375 2148.169921875 2148.280029296875 2148.3798828125 2148.530029296875 2148.760009765625 2148.989990234375 2149.139892578125 2149.260009765625 2149.360107421875 2149.489990234375 2149.669921875 2149.889892578125 2150.10009765625 2150.2900390625 2150.469970703125 2150.610107421875 2150.760009765625 2150.969970703125 2151.10009765625
2144.6201171875 2144.889892578125 2145.050048828125 2145.1298828125 2145.18994140625 2145.27001953125 2145.340087890625 2145.47998046875 2145.77001953125 2145.969970703125 2146.179931640625 2146.419921875 2146.6201171875 2146.77001953125 2146.929931640625 2147.06005859375 2147.18994140625 2147.3798828125 2147.570068359375 2147.68994140625 2147.800048828125 2147.969970703125 2148.080078125 2148.139892578125 2148.27001953125 2148.3701171875 2148.5 2148.639892578125 2148.760009765625 2148.8701171875 2149 2149.27001953125 2149.56005859375 2149.68994140625 2149.75 2149.820068359375 2149.9599609375 2150.159912109375 2150.3701171875 2150.5400390625 2150.719970703125 2150.919921875 2151.06005859375 2151.159912109375 2151.39990234375 2151.510009765625
2145.169921875 2145.35009765625 2145.4599609375 2145.52001953125 2145.610107421875 2145.72998046875 2145.830078125 2146.010009765625 2146.260009765625 2146.469970703125 2146.659912109375 2146.8701171875 2147.0400390625 2147.22998046875 2147.419921875 2147.5400390625 2147.68994140625 2147.8798828125 2148.06005859375 2148.159912109375 2148.260009765625 2148.409912109375 2148.56005859375 2148.679931640625 2148.820068359375 2148.909912109375 2149.02001953125 2149.1298828125 2149.25 2149.3798828125 2149.530029296875 2149.840087890625 2150.159912109375 2150.2099609375 2150.27001953125 2150.340087890625 2150.429931640625 2150.6298828125 2150.840087890625 2150.97998046875 2151.169921875 2151.389892578125 2151.4599609375 2151.56005859375 2151.860107421875 2151.969970703125
2145.77001953125 2145.85009765625 2145.909912109375 2145.969970703125 2146.090087890625 2146.2099609375 2146.330078125 2146.530029296875 2146.75 2146.969970703125 2147.159912109375 2147.320068359375 2147.449951171875 2147.64990234375 2147.830078125 2147.989990234375 2148.159912109375 2148.31005859375 2148.5 2148.590087890625 2148.7099609375 2148.8798828125 2149.02001953125 2149.139892578125 2149.27001953125 2149.360107421875 2149.510009765625 2149.64990234375 2149.760009765625 2149.919921875 2150.139892578125 2150.419921875 2150.659912109375 2150.68994140625 2150.760009765625 2150.830078125 2150.909912109375 2151.1201171875 2151.320068359375 2151.469970703125 2151.64990234375 2151.81005859375 2151.919921875 2152.050048828125 2152.300048828125 2152.4599609375
2146.31005859375 2146.300048828125 2146.330078125 2146.469970703125 2146.669921875 2146.780029296875 2146.889892578125 2147.050048828125 2147.260009765625 2147.510009765625 2147.68994140625 2147.81005859375 2147.929931640625 2148.10009765625 2148.260009765625 2148.409912109375 2148.5 2148.610107421875 2148.840087890625 2148.969970703125 2149.179931640625 2149.3798828125 2149.47998046875 2149.580078125 2149.699951171875 2149.800048828125 2149.969970703125 2150.1298828125 2150.25 2150.5 2150.77001953125 2150.949951171875 2151.06005859375 2151.179931640625 2151.27001953125 2151.320068359375 2151.39990234375 2151.590087890625 2151.800048828125 2151.97998046875 2152.1201171875 2152.18994140625 2152.3701171875 2152.570068359375 2152.72998046875 2152.919921875
2146.739990234375 2146.77001953125 2146.800048828125 2147 2147.2099609375 2147.300048828125 2147.39990234375 2147.52001953125 2147.719970703125 2148.02001953125 2148.18994140625 2148.2900390625 2148.419921875 2148.56005859375 2148.68994140625 2148.75 2148.72998046875 2148.93994140625 2149.239990234375 2149.5 2149.75 2149.7900390625 2149.8701171875 2150.0400390625 2150.22998046875 2150.27001953125 2150.43994140625 2150.590087890625 2150.72998046875 2150.969970703125 2151.18994140625 2151.340087890625 2151.4599609375 2151.6298828125 2151.739990234375 2151.85009765625 2151.919921875 2152.050048828125 2152.239990234375 2152.39990234375 2152.550048828125 2152.639892578125 2152.81005859375 2153 2153.2099609375 2153.409912109375
