Nordwandschacht/gis/dem.txt
ncols        524
nrows        379
xllcorner    424877.014000000025
yllcorner    5275932.534599999897
dx           1.000288549618
dy           0.999587335093
NODATA_value  -3.4028234663852885981e+38
[rows 180 to 199 of 379, columns 184 to 229 of 524]
2123.7099609375 2123.52001953125 2123.199951171875 2122.409912109375 2121.8798828125 2121.64990234375 2121.22998046875 2120.780029296875 2120.360107421875 2120.030029296875 2119.820068359375 2119.580078125 2119.35009765625 2119.02001953125 2118.739990234375 2118.5 2118.199951171875 2117.93994140625 2117.699951171875 2117.419921875 2117.22998046875 2117.1298828125 2117.06005859375 2117.139892578125 2117.260009765625 2117.27001953125 2117.1298828125 2116.929931640625 2116.840087890625 2116.89990234375 2117.22998046875 2117.25 2117.0400390625 2117.219970703125 2117.6201171875 2117.97998046875 2117.929931640625 2117.780029296875 2117.860107421875 2117.989990234375 2118.0400390625 2117.9599609375 2117.85009765625 2117.77001953125 2117.72998046875 2117.64990234375
2123.070068359375 2122.7900390625 2122.550048828125 2122.030029296875 2121.669921875 2121.510009765625 2121.2099609375 2120.840087890625 2120.3701171875 2119.9599609375 2119.7099609375 2119.60009765625 2119.4599609375 2119.199951171875 2119 2118.739990234375 2118.429931640625 2118.1201171875 2117.800048828125 2117.47998046875 2117.320068359375 2117.22998046875 2117.1298828125 2117.199951171875 2117.25 2117.179931640625 2117.050048828125 2116.919921875 2116.919921875 2117.090087890625 2117.320068359375 2117.43994140625 2117.389892578125 2117.360107421875 2117.389892578125 2117.739990234375 2117.830078125 2117.75 2117.820068359375 2118.050048828125 2118.0400390625 2117.860107421875 2117.60009765625 2117.489990234375 2117.610107421875 2117.580078125
2122.760009765625 2122.469970703125 2122.169921875 2121.830078125 2121.5400390625 2121.360107421875 2121.06005859375 2120.679931640625 2120.25 2119.860107421875 2119.590087890625 2119.389892578125 2119.159912109375 2118.93994140625 2118.93994140625 2118.840087890625 2118.64990234375 2118.3701171875 2117.949951171875 2117.590087890625 2117.449951171875 2117.389892578125 2117.260009765625 2117.25 2117.22998046875 2117.1201171875 2117.010009765625 2116.909912109375 2116.989990234375 2117.22998046875 2117.3701171875 2117.550048828125 2117.659912109375 2117.590087890625 2117.419921875 2117.570068359375 2117.679931640625 2117.679931640625 2117.760009765625 2117.929931640625 2117.909912109375 2117.81005859375 2117.52001953125 2117.27001953125 2117.47998046875 2117.550048828125
2122.449951171875 2122.1298828125 2121.7900390625 2121.56005859375 2121.300048828125 2121.169921875 2121.02001953125 2120.610107421875 2120.219970703125 2119.8798828125 2119.4599609375 2118.97998046875 2118.6298828125 2118.5 2118.7099609375 2118.72998046875 2118.719970703125 2118.5400390625 2118.0400390625 2117.669921875 2117.610107421875 2117.6298828125 2117.4599609375 2117.35009765625 2117.260009765625 2117.169921875 2117.1201171875 2117.02001953125 2117.050048828125 2117.1298828125 2117.31005859375 2117.409912109375 2117.4599609375 2117.510009765625 2117.47998046875 2117.6201171875 2117.64990234375 2117.590087890625 2117.6201171875 2117.68994140625 2117.830078125 2117.8798828125 2117.699951171875 2117.56005859375 2117.699951171875 2117.75
2122.1201171875 2121.669921875 2121.419921875 2121.22998046875 2121.010009765625 2120.85009765625 2120.669921875 2120.2900390625 2120.0400390625 2119.800048828125 2119.340087890625 2118.800048828125 2118.570068359375 2118.530029296875 2118.429931640625 2118.330078125 2118.510009765625 2118.550048828125 2118.139892578125 2117.85009765625 2117.8798828125 2117.9599609375 2117.89990234375 2117.780029296875 2117.580078125 2117.429931640625 2117.389892578125 2117.18994140625 2117.080078125 2117.0400390625 2117.14990234375 2117.25 2117.2900390625 2117.280029296875 2117.280029296875 2117.570068359375 2117.820068359375 2117.830078125 2117.659912109375 2117.72998046875 2117.8798828125 2117.8798828125 2117.8798828125 2117.830078125 2117.81005859375 2117.77001953125
2122.340087890625 2121.889892578125 2121.5 2121.2099609375 2120.93994140625 2120.7099609375 2120.5 2120.159912109375 2119.929931640625 2119.68994140625 2119.219970703125 2118.60009765625 2118.300048828125 2118.300048828125 2118.18994140625 2118.010009765625 2118.1298828125 2118.31005859375 2118.2099609375 2118.070068359375 2118.090087890625 2118.1201171875 2118.169921875 2118.159912109375 2117.929931640625 2117.669921875 2117.56005859375 2117.31005859375 2117.090087890625 2116.9599609375 2116.989990234375 2117.06005859375 2117.139892578125 2117.18994140625 2117.280029296875 2117.510009765625 2117.77001953125 2117.889892578125 2117.860107421875 2117.919921875 2117.840087890625 2117.719970703125 2117.820068359375 2117.760009765625 2117.659912109375 2117.639892578125
2122.550048828125 2122.110107421875 2121.719970703125 2121.3798828125 2120.969970703125 2120.610107421875 2120.340087890625 2120.070068359375 2119.8798828125 2119.610107421875 2119.030029296875 2118.280029296875 2117.820068359375 2117.89990234375 2118.070068359375 2117.7900390625 2117.77001953125 2118.06005859375 2118.199951171875 2118.139892578125 2118.080078125 2118.0400390625 2118.14990234375 2118.260009765625 2118.10009765625 2117.830078125 2117.56005859375 2117.31005859375 2117.14990234375 2116.969970703125 2116.889892578125 2116.8798828125 2116.929931640625 2117.0400390625 2117.199951171875 2117.39990234375 2117.580078125 2117.7099609375 2117.800048828125 2117.85009765625 2117.659912109375 2117.489990234375 2117.60009765625 2117.610107421875 2117.60009765625 2117.610107421875
2122.5400390625 2122.14990234375 2121.7900390625 2121.27001953125 2120.77001953125 2120.330078125 2119.9599609375 2119.72998046875 2119.510009765625 2119.219970703125 2118.7900390625 2118.219970703125 2117.860107421875 2117.949951171875 2118.080078125 2117.659912109375 2117.610107421875 2118 2118.2900390625 2118.14990234375 2118.010009765625 2117.919921875 2118 2118.090087890625 2118.10009765625 2118.080078125 2117.8798828125 2117.590087890625 2117.340087890625 2117.110107421875 2116.989990234375 2116.909912109375 2116.85009765625 2116.860107421875 2116.949951171875 2117.18994140625 2117.39990234375 2117.489990234375 2117.510009765625 2117.60009765625 2117.5 2117.449951171875 2117.56005859375 2117.60009765625 2117.64990234375 2117.6201171875
2122.330078125 2121.919921875 2121.56005859375 2121 2120.52001953125 2120.110107421875 2119.75 2119.47998046875 2119.239990234375 2118.969970703125 2118.68994140625 2118.449951171875 2118.35009765625 2118.330078125 2118.320068359375 2118.1201171875 2118.030029296875 2118.22998046875 2118.4599609375 2118.2900390625 2118.110107421875 2118.050048828125 2118.010009765625 2117.89990234375 2117.89990234375 2118.030029296875 2118.030029296875 2117.85009765625 2117.449951171875 2117.169921875 2117.14990234375 2117.030029296875 2116.8798828125 2116.8701171875 2116.89990234375 2117.010009765625 2117.169921875 2117.280029296875 2117.3798828125 2117.419921875 2117.409912109375 2117.47998046875 2117.669921875 2117.760009765625 2117.77001953125 2117.7099609375
2121.989990234375 2121.580078125 2121.199951171875 2120.719970703125 2120.360107421875 2119.989990234375 2119.6201171875 2119.31005859375 2119.030029296875 2118.800048828125 2118.659912109375 2118.550048828125 2118.590087890625 2118.550048828125 2118.510009765625 2118.429931640625 2118.260009765625 2118.22998046875 2118.340087890625 2118.239990234375 2118.159912109375 2118.2099609375 2118.050048828125 2117.909912109375 2117.9599609375 2118.070068359375 2118.090087890625 2117.889892578125 2117.4599609375 2117.169921875 2117.22998046875 2117.139892578125 2116.93994140625 2116.8701171875 2116.85009765625 2116.820068359375 2116.8701171875 2117.010009765625 2117.2099609375 2117.2099609375 2117.260009765625 2117.320068359375 2117.5 2117.7099609375 2117.760009765625 2117.699951171875
2121.81005859375 2121.3798828125 2120.929931640625 2120.489990234375 2120.14990234375 2119.81005859375 2119.489990234375 2119.2099609375 2118.840087890625 2118.530029296875 2118.429931640625 2118.3701171875 2118.510009765625 2118.5400390625 2118.39990234375 2118.260009765625 2118.110107421875 2117.97998046875 2117.9599609375 2117.8798828125 2117.889892578125 2118.110107421875 2118.050048828125 2118.050048828125 2118.199951171875 2118.25 2118.169921875 2117.909912109375 2117.6201171875 2117.449951171875 2117.429931640625 2117.31005859375 2117.090087890625 2116.93994140625 2116.830078125 2116.75 2116.75 2116.860107421875 2117.0400390625 2117.010009765625 2117.080078125 2117.090087890625 2117.239990234375 2117.469970703125 2117.610107421875 2117.610107421875
2121.75 2121.27001953125 2120.7900390625 2120.300048828125 2119.860107421875 2119.530029296875 2119.320068359375 2119.080078125 2118.699951171875 2118.219970703125 2117.820068359375 2118.02001953125 2118.320068359375 2118.35009765625 2118.090087890625 2117.860107421875 2117.860107421875 2117.85009765625 2117.85009765625 2117.6298828125 2117.60009765625 2117.89990234375 2118.010009765625 2118.179931640625 2118.280029296875 2118.260009765625 2118.239990234375 2118.110107421875 2118 2117.860107421875 2117.6298828125 2117.43994140625 2117.22998046875 2117.02001953125 2116.85009765625 2116.820068359375 2116.840087890625 2116.85009765625 2116.820068359375 2116.7900390625 2116.81005859375 2116.840087890625 2117.050048828125 2117.22998046875 2117.409912109375 2117.449951171875
2121.7099609375 2121.27001953125 2120.7900390625 2120.300048828125 2119.7900390625 2119.27001953125 2118.81005859375 2118.52001953125 2118.39990234375 2118.1201171875 2117.830078125 2117.949951171875 2118.139892578125 2117.97998046875 2117.639892578125 2117.5400390625 2117.8701171875 2118.10009765625 2118.1298828125 2118.10009765625 2118.090087890625 2118.159912109375 2118.139892578125 2118.14990234375 2118.070068359375 2117.989990234375 2118.080078125 2118.110107421875 2118.1201171875 2118.139892578125 2118 2117.780029296875 2117.56005859375 2117.340087890625 2117.10009765625 2116.93994140625 2116.8701171875 2116.800048828125 2116.75 2116.72998046875 2116.679931640625 2116.64990234375 2116.760009765625 2116.929931640625 2117.169921875 2117.22998046875
2121.68994140625 2121.260009765625 2120.719970703125 2120.169921875 2119.64990234375 2119.1201171875 2118.610107421875 2118.280029296875 2118.199951171875 2118.030029296875 2117.800048828125 2117.800048828125 2117.929931640625 2117.77001953125 2117.489990234375 2117.550048828125 2117.93994140625 2118.169921875 2118.2900390625 2118.429931640625 2118.47998046875 2118.469970703125 2118.340087890625 2118.18994140625 2118.010009765625 2117.889892578125 2117.889892578125 2117.909912109375 2118.0400390625 2118.239990234375 2118.300048828125 2118.18994140625 2118.010009765625 2117.75 2117.449951171875 2117.18994140625 2116.949951171875 2116.7900390625 2116.760009765625 2116.760009765625 2116.699951171875 2116.6298828125 2116.6201171875 2116.64990234375 2116.800048828125 2116.889892578125
2121.60009765625 2121.02001953125 2120.31005859375 2119.659912109375 2119.169921875 2118.81005859375 2118.590087890625 2118.340087890625 2118.080078125 2117.780029296875 2117.530029296875 2117.64990234375 2117.929931640625 2117.909912109375 2117.75 2117.81005859375 2117.989990234375 2118.1201171875 2118.219970703125 2118.219970703125 2118.360107421875 2118.47998046875 2118.340087890625 2118.22998046875 2118.1298828125 2118 2117.89990234375 2117.860107421875 2117.919921875 2118.06005859375 2118.179931640625 2118.2099609375 2118.159912109375 2117.9599609375 2117.72998046875 2117.510009765625 2117.22998046875 2117.010009765625 2116.860107421875 2116.830078125 2116.7900390625 2116.75 2116.780029296875 2116.659912109375 2116.52001953125 2116.5
2121.18994140625 2120.39990234375 2119.7099609375 2119.159912109375 2118.610107421875 2118.239990234375 2118.31005859375 2118.3701171875 2118.1298828125 2117.75 2117.530029296875 2117.830078125 2118.10009765625 2118.090087890625 2118.010009765625 2117.969970703125 2117.97998046875 2118.010009765625 2118 2118 2118.219970703125 2118.330078125 2118.1201171875 2118.139892578125 2118.14990234375 2118.080078125 2118.030029296875 2117.969970703125 2117.9599609375 2117.969970703125 2118 2118.030029296875 2118.0400390625 2117.969970703125 2117.889892578125 2117.760009765625 2117.60009765625 2117.3701171875 2117.06005859375 2117 2116.969970703125 2116.929931640625 2116.949951171875 2116.75 2116.52001953125 2116.39990234375
2120.360107421875 2119.760009765625 2119.2900390625 2118.89990234375 2118.530029296875 2118.280029296875 2118.340087890625 2118.35009765625 2118.179931640625 2117.919921875 2117.75 2118.02001953125 2118.27001953125 2118.260009765625 2118.1201171875 2118.050048828125 2118.030029296875 2118.030029296875 2118.02001953125 2118 2118.159912109375 2118.280029296875 2118.22998046875 2118.22998046875 2118.280029296875 2118.35009765625 2118.35009765625 2118.219970703125 2118.070068359375 2118.030029296875 2118.02001953125 2118 2118.030029296875 2118.010009765625 2117.969970703125 2117.8701171875 2117.780029296875 2117.590087890625 2117.330078125 2117.2900390625 2117.280029296875 2117.22998046875 2117.090087890625 2116.85009765625 2116.72998046875 2116.669921875
2119.81005859375 2119.389892578125 2119.14990234375 2118.929931640625 2118.68994140625 2118.5400390625 2118.469970703125 2118.330078125 2118.159912109375 2118.070068359375 2117.989990234375 2118.090087890625 2118.239990234375 2118.22998046875 2118.1201171875 2118.080078125 2118.090087890625 2118.1298828125 2118.139892578125 2118.1201171875 2118.18994140625 2118.2900390625 2118.31005859375 2118.300048828125 2118.360107421875 2118.419921875 2118.39990234375 2118.300048828125 2118.1298828125 2118.080078125 2118.06005859375 2118.070068359375 2118.110107421875 2118.1298828125 2118.10009765625 2118.010009765625 2117.909912109375 2117.77001953125 2117.659912109375 2117.669921875 2117.659912109375 2117.550048828125 2117.330078125 2117.179931640625 2117.050048828125 2116.889892578125
2119.6201171875 2119.199951171875 2119.050048828125 2118.840087890625 2118.580078125 2118.4599609375 2118.43994140625 2118.340087890625 2118.25 2118.260009765625 2118.2099609375 2118.159912109375 2118.199951171875 2118.199951171875 2118.14990234375 2118.1298828125 2118.14990234375 2118.18994140625 2118.2099609375 2118.199951171875 2118.25 2118.31005859375 2118.320068359375 2118.31005859375 2118.300048828125 2118.22998046875 2118.110107421875 2118.10009765625 2118.070068359375 2118.06005859375 2118.080078125 2118.110107421875 2118.139892578125 2118.139892578125 2118.139892578125 2118.110107421875 2118.070068359375 2117.97998046875 2117.8701171875 2117.860107421875 2117.800048828125 2117.64990234375 2117.5 2117.429931640625 2117.18994140625 2116.8798828125
2119.35009765625 2119.010009765625 2118.81005859375 2118.52001953125 2118.27001953125 2118.22998046875 2118.280029296875 2118.3798828125 2118.389892578125 2118.429931640625 2118.3701171875 2118.300048828125 2118.330078125 2118.3701171875 2118.31005859375 2118.27001953125 2118.300048828125 2118.2900390625 2118.27001953125 2118.239990234375 2118.239990234375 2118.2900390625 2118.35009765625 2118.300048828125 2118.219970703125 2118.080078125 2117.969970703125 2118.070068359375 2118.1298828125 2118.1201171875 2118.1298828125 2118.14990234375 2118.139892578125 2118.1298828125 2118.1298828125 2118.110107421875 2118.1298828125 2118.080078125 2117.8701171875 2117.780029296875 2117.679931640625 2117.550048828125 2117.5400390625 2117.409912109375 2117.02001953125 2116.669921875
