Nordwandschacht/gis/dem.txt
ncols        524
nrows        379
xllcorner    424877.014000000025
yllcorner    5275932.534599999897
dx           1.000288549618
dy           0.999587335093
NODATA_value  -3.4028234663852885981e+38
[rows 340 to 359 of 379, columns 230 to 275 of 524]
2132.93994140625 2133.06005859375 2132.22998046875 2130.669921875 2129.159912109375 2127.77001953125 2125.7900390625 2124.080078125 2123.030029296875 2123.27001953125 2125.949951171875 2128.989990234375 2130.949951171875 2132.719970703125 2134.260009765625 2136.260009765625 2138.820068359375 2140.590087890625 2142.2099609375 2143.429931640625 2144.260009765625 2144.760009765625 2145.10009765625 2145.27001953125 2145.449951171875 2145.699951171875 2145.8798828125 2146 2146.02001953125 2145.889892578125 2145.64990234375 2145.35009765625 2144.820068359375 2143.719970703125 2142.47998046875 2141.22998046875 2139.9599609375 2139.239990234375 2139.6201171875 2140.389892578125 2140.429931640625 2140.110107421875 2139.780029296875 2139.429931640625 2139.280029296875 2139.1201171875
2132.570068359375 2132.590087890625 2131.52001953125 2129.780029296875 2128.090087890625 2125.89990234375 2123.550048828125 2122.139892578125 2121.800048828125 2122.699951171875 2125.35009765625 2128.179931640625 2130.239990234375 2132.179931640625 2134 2135.9599609375 2138.070068359375 2139.7099609375 2141.050048828125 2142.070068359375 2142.93994140625 2143.77001953125 2144.3798828125 2144.669921875 2144.820068359375 2145.06005859375 2145.199951171875 2145.320068359375 2145.360107421875 2145.179931640625 2144.9599609375 2144.780029296875 2144.27001953125 2142.929931640625 2141.3701171875 2139.8701171875 2138.719970703125 2138.090087890625 2138.3701171875 2139.1201171875 2139.300048828125 2138.93994140625 2138.5 2138.22998046875 2138.25 2138.159912109375
2132.14990234375 2131.820068359375 2130.409912109375 2128.330078125 2126.25 2123.699951171875 2121.659912109375 2120.909912109375 2120.989990234375 2122.39990234375 2124.97998046875 2127.699951171875 2129.949951171875 2131.929931640625 2133.68994140625 2135.330078125 2136.97998046875 2138.570068359375 2139.85009765625 2140.780029296875 2141.659912109375 2142.6201171875 2143.3798828125 2143.85009765625 2144.169921875 2144.409912109375 2144.5 2144.610107421875 2144.610107421875 2144.3701171875 2144.080078125 2143.719970703125 2142.889892578125 2141.72998046875 2140.429931640625 2138.89990234375 2137.52001953125 2136.93994140625 2137.1201171875 2137.7900390625 2137.949951171875 2137.669921875 2137.340087890625 2137.10009765625 2137.159912109375 2137.06005859375
2131.3798828125 2130.550048828125 2128.610107421875 2125.93994140625 2123.06005859375 2121.419921875 2120.219970703125 2119.699951171875 2120.199951171875 2122.340087890625 2125.22998046875 2127.8798828125 2129.820068359375 2131.570068359375 2133.239990234375 2134.7099609375 2136.070068359375 2137.47998046875 2138.780029296875 2139.75 2140.590087890625 2141.39990234375 2142.050048828125 2142.639892578125 2143.1201171875 2143.419921875 2143.6201171875 2143.830078125 2143.85009765625 2143.5400390625 2143.02001953125 2142.179931640625 2141.070068359375 2140.419921875 2139.7099609375 2138.340087890625 2136.60009765625 2136.110107421875 2135.969970703125 2136.2099609375 2136.330078125 2136.320068359375 2136.27001953125 2136.110107421875 2136.2099609375 2135.989990234375
2129.14990234375 2127.719970703125 2125.590087890625 2123.050048828125 2120.9599609375 2119.760009765625 2118.8798828125 2118.6201171875 2120.139892578125 2122.320068359375 2125.110107421875 2127.679931640625 2129.39990234375 2130.97998046875 2132.639892578125 2134.1298828125 2135.52001953125 2136.820068359375 2137.8701171875 2138.669921875 2139.340087890625 2140.1298828125 2140.669921875 2141.179931640625 2141.669921875 2141.949951171875 2142.239990234375 2142.510009765625 2142.5 2142.179931640625 2141.5 2140.669921875 2140.06005859375 2139.530029296875 2138.6201171875 2137.18994140625 2135.780029296875 2135.340087890625 2134.72998046875 2134.5400390625 2134.929931640625 2135.159912109375 2135.1201171875 2135 2135.22998046875 2134.97998046875
2126.10009765625 2124.300048828125 2122.550048828125 2120.739990234375 2119.14990234375 2118.070068359375 2117.570068359375 2117.97998046875 2120.1201171875 2122.090087890625 2124.52001953125 2127.02001953125 2128.89990234375 2130.429931640625 2131.97998046875 2133.5 2135.050048828125 2136.25 2137.0400390625 2137.610107421875 2138.18994140625 2139.0400390625 2139.530029296875 2139.860107421875 2140.18994140625 2140.39990234375 2140.679931640625 2140.93994140625 2140.97998046875 2140.669921875 2140.080078125 2139.489990234375 2139.2099609375 2138.510009765625 2137.280029296875 2135.89990234375 2134.860107421875 2134.300048828125 2133.659912109375 2133.47998046875 2133.820068359375 2134.169921875 2134.090087890625 2134.1298828125 2134.5 2134.219970703125
2123.85009765625 2122.27001953125 2120.8701171875 2119.2900390625 2117.47998046875 2116.449951171875 2116.169921875 2116.949951171875 2119.169921875 2121.1298828125 2123.47998046875 2126.02001953125 2128.010009765625 2129.760009765625 2131.43994140625 2133.090087890625 2134.81005859375 2135.9599609375 2136.679931640625 2137.169921875 2137.60009765625 2138.340087890625 2138.7900390625 2139.110107421875 2139.300048828125 2139.469970703125 2139.699951171875 2139.8701171875 2139.85009765625 2139.56005859375 2139.070068359375 2138.530029296875 2138.18994140625 2137.389892578125 2136.10009765625 2134.93994140625 2134.179931640625 2133.3798828125 2132.719970703125 2132.56005859375 2132.699951171875 2132.9599609375 2132.840087890625 2133.080078125 2133.6201171875 2133.3701171875
2123.010009765625 2121.7900390625 2120.179931640625 2117.8701171875 2115.8798828125 2115.14990234375 2115.110107421875 2116.22998046875 2118.090087890625 2119.699951171875 2121.97998046875 2124.429931640625 2126.43994140625 2129.070068359375 2131.340087890625 2133.159912109375 2134.8701171875 2135.889892578125 2136.5 2136.89990234375 2137.18994140625 2137.60009765625 2138.06005859375 2138.510009765625 2138.64990234375 2138.97998046875 2139.219970703125 2139.320068359375 2139.27001953125 2138.909912109375 2138.27001953125 2137.469970703125 2136.68994140625 2135.889892578125 2134.8701171875 2134.02001953125 2133.5400390625 2132.780029296875 2131.989990234375 2131.669921875 2131.68994140625 2131.760009765625 2131.6201171875 2131.8798828125 2132.43994140625 2132.47998046875
2122.080078125 2120.8701171875 2118.9599609375 2116.260009765625 2114.6201171875 2114.1201171875 2114.760009765625 2116.389892578125 2117.800048828125 2118.7099609375 2120.60009765625 2123 2125.679931640625 2128.919921875 2131.47998046875 2133.27001953125 2134.68994140625 2135.739990234375 2136.280029296875 2136.550048828125 2136.77001953125 2136.969970703125 2137.260009765625 2137.659912109375 2137.93994140625 2138.360107421875 2138.669921875 2138.7900390625 2138.77001953125 2138.35009765625 2137.429931640625 2136.31005859375 2135.179931640625 2134.31005859375 2133.6201171875 2132.969970703125 2132.510009765625 2131.929931640625 2131.2900390625 2130.7900390625 2130.489990234375 2130.3701171875 2130.2099609375 2130.610107421875 2131.43994140625 2131.610107421875
2121.1201171875 2119.739990234375 2117.639892578125 2114.7900390625 2113.219970703125 2113.090087890625 2114.340087890625 2116.14990234375 2117.169921875 2118.050048828125 2119.780029296875 2122.1298828125 2125.22998046875 2128.8701171875 2131.510009765625 2133.27001953125 2134.56005859375 2135.449951171875 2135.8798828125 2136.10009765625 2136.340087890625 2136.570068359375 2136.739990234375 2137 2137.280029296875 2137.6298828125 2137.93994140625 2138.110107421875 2138.199951171875 2137.780029296875 2136.570068359375 2135.260009765625 2134.260009765625 2133.56005859375 2132.929931640625 2132.260009765625 2131.679931640625 2131.179931640625 2130.7900390625 2130.35009765625 2129.840087890625 2129.280029296875 2128.830078125 2129.18994140625 2130.02001953125 2130.43994140625
2120.260009765625 2118.639892578125 2116.10009765625 2113.219970703125 2112.010009765625 2112.3798828125 2113.8798828125 2115.4599609375 2116.159912109375 2117.320068359375 2119.090087890625 2121.590087890625 2125.300048828125 2129.25 2131.6298828125 2133.219970703125 2134.43994140625 2135.050048828125 2135.340087890625 2135.530029296875 2135.77001953125 2136.02001953125 2136.260009765625 2136.5400390625 2136.77001953125 2136.9599609375 2137.139892578125 2137.27001953125 2137.389892578125 2136.949951171875 2135.679931640625 2134.510009765625 2133.7900390625 2133.219970703125 2132.6201171875 2131.93994140625 2131.14990234375 2130.47998046875 2130.139892578125 2129.820068359375 2129.39990234375 2128.64990234375 2128 2128.050048828125 2128.409912109375 2128.949951171875
2119.239990234375 2117.06005859375 2114.179931640625 2111.830078125 2111.22998046875 2112.1201171875 2113.679931640625 2114.610107421875 2114.889892578125 2116.43994140625 2118.330078125 2121.10009765625 2126.010009765625 2129.60009765625 2131.280029296875 2132.68994140625 2134.070068359375 2134.6298828125 2134.780029296875 2134.89990234375 2135.1201171875 2135.27001953125 2135.6298828125 2136.18994140625 2136.699951171875 2136.570068359375 2136.550048828125 2136.489990234375 2136.27001953125 2135.679931640625 2134.7900390625 2134.0400390625 2133.4599609375 2132.820068359375 2132.10009765625 2131.35009765625 2130.35009765625 2129.330078125 2128.780029296875 2128.47998046875 2127.909912109375 2127.239990234375 2126.8798828125 2127.139892578125 2127.330078125 2128.3701171875
2117.590087890625 2115.14990234375 2112.449951171875 2110.760009765625 2110.64990234375 2111.699951171875 2113.050048828125 2113.419921875 2114.110107421875 2116.39990234375 2118.35009765625 2120.949951171875 2126.1298828125 2129.85009765625 2130.830078125 2131.93994140625 2133.260009765625 2134.0400390625 2134.300048828125 2134.340087890625 2134.409912109375 2134.5400390625 2134.929931640625 2135.530029296875 2136.010009765625 2136.14990234375 2136.139892578125 2135.969970703125 2135.469970703125 2134.8798828125 2134.300048828125 2133.639892578125 2132.860107421875 2131.989990234375 2130.97998046875 2130.14990234375 2129.169921875 2128.340087890625 2127.840087890625 2127.35009765625 2126.75 2126.0400390625 2125.4599609375 2125.489990234375 2125.9599609375 2128.7099609375
2115.739990234375 2113.4599609375 2110.800048828125 2109.6298828125 2109.989990234375 2110.929931640625 2111.929931640625 2112.659912109375 2114.669921875 2117.18994140625 2118.820068359375 2121.3701171875 2126.260009765625 2129.47998046875 2130.43994140625 2131.5 2132.590087890625 2133.0400390625 2133.320068359375 2133.409912109375 2133.469970703125 2133.719970703125 2134.179931640625 2134.68994140625 2135.090087890625 2135.389892578125 2135.530029296875 2135.389892578125 2134.7900390625 2134.2099609375 2133.659912109375 2132.860107421875 2131.7099609375 2130.68994140625 2129.719970703125 2129 2128.2099609375 2127.489990234375 2126.860107421875 2126.239990234375 2125.580078125 2124.75 2124.06005859375 2124.1298828125 2125.669921875 2130.06005859375
2114.2099609375 2111.97998046875 2109.469970703125 2108.68994140625 2109.10009765625 2109.860107421875 2111.1298828125 2113 2116 2118.010009765625 2119.139892578125 2121.590087890625 2126 2128.820068359375 2130.02001953125 2130.969970703125 2131.75 2132.070068359375 2132.25 2132.219970703125 2132.27001953125 2132.75 2133.449951171875 2133.9599609375 2134.22998046875 2134.47998046875 2134.570068359375 2134.330078125 2133.659912109375 2132.8798828125 2132.320068359375 2131.639892578125 2130.570068359375 2129.6201171875 2128.75 2128.050048828125 2127.3701171875 2126.669921875 2125.820068359375 2125.110107421875 2124.300048828125 2123.419921875 2122.949951171875 2123.56005859375 2126.409912109375 2131.3798828125
2112.580078125 2109.739990234375 2108.110107421875 2108.080078125 2108.3701171875 2109.320068359375 2111.510009765625 2114.409912109375 2117.070068359375 2118.409912109375 2119.52001953125 2121.43994140625 2124.610107421875 2127.93994140625 2129.679931640625 2130.22998046875 2130.530029296875 2130.929931640625 2131.179931640625 2131.159912109375 2131.239990234375 2131.85009765625 2132.68994140625 2133.340087890625 2133.610107421875 2133.780029296875 2133.699951171875 2133.25 2132.60009765625 2131.760009765625 2131.18994140625 2130.56005859375 2129.6298828125 2128.780029296875 2127.889892578125 2127.110107421875 2126.530029296875 2125.780029296875 2124.719970703125 2123.85009765625 2122.89990234375 2122.320068359375 2122.18994140625 2123.840087890625 2127.2099609375 2130.780029296875
2110.590087890625 2107.909912109375 2107.02001953125 2107.3701171875 2107.949951171875 2109.449951171875 2112.06005859375 2115.02001953125 2117.320068359375 2118.760009765625 2120.199951171875 2121.219970703125 2123.3701171875 2127.449951171875 2129.300048828125 2129.360107421875 2129.489990234375 2129.760009765625 2129.97998046875 2130.1201171875 2130.43994140625 2131.050048828125 2131.800048828125 2132.580078125 2132.919921875 2133.06005859375 2132.969970703125 2132.429931640625 2131.6201171875 2130.77001953125 2130.18994140625 2129.60009765625 2128.719970703125 2127.949951171875 2127.0400390625 2126.22998046875 2125.6298828125 2124.6201171875 2123.530029296875 2122.56005859375 2121.739990234375 2121.1298828125 2122.02001953125 2125.030029296875 2128.070068359375 2130.25
2107.8701171875 2106.02001953125 2105.969970703125 2106.2900390625 2107.389892578125 2110.050048828125 2112.919921875 2115.590087890625 2117.739990234375 2119.35009765625 2120.820068359375 2121.530029296875 2123.22998046875 2126.989990234375 2128.489990234375 2128.4599609375 2128.360107421875 2128.56005859375 2128.85009765625 2129.1201171875 2129.570068359375 2130.179931640625 2130.85009765625 2131.52001953125 2131.93994140625 2132.110107421875 2132.02001953125 2131.56005859375 2130.800048828125 2129.7900390625 2128.989990234375 2128.429931640625 2127.800048828125 2127.050048828125 2126.110107421875 2125.22998046875 2124.510009765625 2123.43994140625 2122.39990234375 2121.340087890625 2120.429931640625 2120.18994140625 2123.169921875 2126.7900390625 2128.860107421875 2130.840087890625
2105.320068359375 2104.5400390625 2104.919921875 2105.199951171875 2107.090087890625 2110.610107421875 2113.550048828125 2115.85009765625 2117.93994140625 2119.6298828125 2121.0400390625 2121.820068359375 2123.330078125 2125.9599609375 2127 2127.320068359375 2127.35009765625 2127.56005859375 2127.89990234375 2128.320068359375 2128.72998046875 2129.179931640625 2129.719970703125 2130.300048828125 2130.7900390625 2130.93994140625 2130.81005859375 2130.47998046875 2129.7900390625 2128.47998046875 2127.550048828125 2127.139892578125 2126.739990234375 2125.8798828125 2124.949951171875 2124.090087890625 2123.2099609375 2122.090087890625 2120.969970703125 2119.919921875 2119.110107421875 2119.419921875 2124.199951171875 2128.080078125 2129.4599609375 2131.8798828125
2103.679931640625 2103.679931640625 2103.8701171875 2105.139892578125 2108.52001953125 2110.989990234375 2113.56005859375 2115.580078125 2117.570068359375 2119.389892578125 2121.010009765625 2122.080078125 2123.510009765625 2125.14990234375 2125.77001953125 2126.06005859375 2126.2099609375 2126.659912109375 2127.1298828125 2127.6201171875 2127.909912109375 2128.1298828125 2128.570068359375 2129.10009765625 2129.489990234375 2129.68994140625 2129.52001953125 2129.110107421875 2128.179931640625 2126.679931640625 2126.1201171875 2126.050048828125 2125.75 2124.699951171875 2123.7900390625 2122.97998046875 2121.929931640625 2120.75 2119.409912109375 2118.550048828125 2118.699951171875 2120.2099609375 2126.050048828125 2129 2130.0400390625 2132.6298828125
